0 0.931807 0.816896 0.134036 0.359567 0.827275
1 0.731137 0.884179 0.152971 0.220591 0.787759
1 0.502604 0.644994 0.114775 0.112529 0.749653
1 0.620956 0.626052 0.0983005 0.148996 0.745512
1 0.914128 0.929167 0.168163 0.141666 0.703574
0 0.722912 0.797961 0.0592888 0.339657 0.701209
0 0.629316 0.58228 0.0614278 0.20024 0.689759
0 0.549712 0.527412 0.0268618 0.123222 0.621879
0 0.505741 0.593101 0.060879 0.173401 0.590891
0 0.772252 0.500156 0.026375 0.142876 0.568151
0 0.275964 0.747491 0.100409 0.310326 0.501253
0 0.302519 0.497519 0.0200411 0.101263 0.500638
0 0.265918 0.48475 0.0232096 0.13583 0.456615
2 0.0921466 0.488955 0.0685774 0.0940123 0.41994
0 0.241925 0.505999 0.025854 0.113859 0.396286
0 0.482806 0.512714 0.0228252 0.0867255 0.251685
