0 0.123012 0.687793 0.156987 0.574822 0.888516
0 0.962102 0.736727 0.074495 0.476293 0.871529
0 0.459972 0.699432 0.109717 0.410693 0.850093
0 0.900582 0.719004 0.0866237 0.443233 0.842504
0 0.02904 0.689281 0.0576875 0.587765 0.818993
0 0.664531 0.740375 0.0826489 0.51925 0.793881
0 0.256484 0.670856 0.0955376 0.432402 0.781268
0 0.852169 0.611288 0.0756513 0.388335 0.693009
0 0.748545 0.735941 0.134123 0.520165 0.675085
5 0.965001 0.392929 0.0699976 0.103001 0.438648
0 0.799517 0.737503 0.0870334 0.517272 0.396602
5 0.514392 0.309325 0.500886 0.303392 0.39092
2 0.610211 0.584345 0.230837 0.213662 0.383428
2 0.536751 0.606903 0.0890476 0.166847 0.336618
2 0.352532 0.566289 0.125672 0.148689 0.278162
