2 0.405096 0.747152 0.229706 0.232489 0.890486
2 0.211375 0.709012 0.22221 0.187127 0.888589
0 0.736884 0.785989 0.103297 0.39872 0.814797
0 0.824702 0.778151 0.0816857 0.411586 0.714186
2 0.475533 0.643299 0.0681171 0.0859177 0.571505
0 0.698788 0.666959 0.0638764 0.163732 0.481561
2 0.539171 0.634286 0.0393891 0.0692878 0.479977
2 0.340416 0.633973 0.103074 0.0770974 0.456671
0 0.974674 0.776005 0.050009 0.397007 0.43794
0 0.0182033 0.672696 0.0297112 0.140442 0.395
0 0.420114 0.596081 0.0487318 0.0764683 0.345098
0 0.0448059 0.673662 0.03334 0.1367 0.328795
2 0.228648 0.593688 0.0519223 0.0429413 0.321347
