1 0.164514 0.665495 0.152732 0.26353 0.846834
0 0.373113 0.48015 0.154384 0.56083 0.838709
0 0.174106 0.496989 0.129334 0.416247 0.827203
0 0.763937 0.566762 0.100515 0.333346 0.802341
1 0.361452 0.705478 0.14397 0.373311 0.760175
0 0.532245 0.550371 0.0466459 0.166481 0.707111
2 0.905591 0.55684 0.188818 0.188094 0.672136
0 0.602734 0.598761 0.0265218 0.0956907 0.588726
2 0.253949 0.598643 0.0436552 0.0380734 0.551726
0 0.64802 0.587985 0.0308671 0.116171 0.449995
1 0.528383 0.607958 0.0271427 0.11669 0.320431
0 0.486404 0.581397 0.0133872 0.0610718 0.294838
7 0.906998 0.556651 0.185362 0.186451 0.282844
0 0.704073 0.585353 0.0244095 0.11646 0.271064
