2 0.58183 0.578656 0.191467 0.256564 0.853707
0 0.29045 0.791445 0.119409 0.37245 0.845821
0 0.427667 0.797228 0.12437 0.349138 0.84172
2 0.436583 0.554172 0.150987 0.207182 0.838737
0 0.121923 0.762052 0.0955327 0.379458 0.79481
0 0.78282 0.794287 0.184443 0.356859 0.773715
2 0.426081 0.401529 0.129408 0.188215 0.770671
2 0.223209 0.485687 0.172149 0.247221 0.732734
0 0.534929 0.796344 0.0821749 0.353328 0.713437
0 0.618471 0.781429 0.124075 0.37138 0.668851
2 0.820026 0.394781 0.135447 0.143158 0.61955
2 0.220271 0.16544 0.0675876 0.0697303 0.61643
2 0.0567752 0.848376 0.113479 0.29935 0.614764
2 0.331162 0.233405 0.0631108 0.0752768 0.571566
2 0.443517 0.232666 0.107912 0.12797 0.523109
2 0.371175 0.245164 0.0568523 0.0823038 0.471974
2 0.152079 0.402535 0.109416 0.157505 0.404754
2 0.499861 0.416913 0.16379 0.0916904 0.398741
2 0.262788 0.157994 0.0495309 0.0683853 0.347716
2 0.695038 0.341146 0.0918719 0.114696 0.296329
2 0.6761 0.301831 0.109862 0.126406 0.256816
2 0.58183 0.578656 0.191467 0.256564 0.853707
0 0.29045 0.791445 0.119409 0.37245 0.845821
0 0.427667 0.797228 0.12437 0.349138 0.84172
2 0.436583 0.554172 0.150987 0.207182 0.838737
0 0.121923 0.762052 0.0955327 0.379458 0.79481
0 0.78282 0.794287 0.184443 0.356859 0.773715
2 0.426081 0.401529 0.129408 0.188215 0.770671
2 0.223209 0.485687 0.172149 0.247221 0.732734
0 0.534929 0.796344 0.0821749 0.353328 0.713437
0 0.618471 0.781429 0.124075 0.37138 0.668851
2 0.820026 0.394781 0.135447 0.143158 0.61955
2 0.220271 0.16544 0.0675876 0.0697303 0.61643
2 0.0567752 0.848376 0.113479 0.29935 0.614764
2 0.331162 0.233405 0.0631108 0.0752768 0.571566
2 0.443517 0.232666 0.107912 0.12797 0.523109
2 0.58183 0.578656 0.191467 0.256564 0.853707
0 0.29045 0.791445 0.119409 0.37245 0.845821
0 0.427667 0.797228 0.12437 0.349138 0.84172
2 0.436583 0.554172 0.150987 0.207182 0.838737
0 0.121923 0.762052 0.0955327 0.379458 0.79481
0 0.78282 0.794287 0.184443 0.356859 0.773715
2 0.426081 0.401529 0.129408 0.188215 0.770671
2 0.223209 0.485687 0.172149 0.247221 0.732734
0 0.534929 0.796344 0.0821749 0.353328 0.713437
0 0.618471 0.781429 0.124075 0.37138 0.668851
2 0.820026 0.394781 0.135447 0.143158 0.61955
2 0.220271 0.16544 0.0675876 0.0697303 0.61643
2 0.0567752 0.848376 0.113479 0.29935 0.614764
2 0.331162 0.233405 0.0631108 0.0752768 0.571566
2 0.443517 0.232666 0.107912 0.12797 0.523109
2 0.371175 0.245164 0.0568523 0.0823038 0.471974
2 0.152079 0.402535 0.109416 0.157505 0.404754
2 0.499861 0.416913 0.16379 0.0916904 0.398741
2 0.262788 0.157994 0.0495309 0.0683853 0.347716
2 0.695038 0.341146 0.0918719 0.114696 0.296329
2 0.6761 0.301831 0.109862 0.126406 0.256816
2 0.628461 0.300224 0.056177 0.120743 0.236254
2 0.569052 0.234293 0.0896025 0.115691 0.212537
2 0.175742 0.328445 0.0980401 0.0639675 0.212062
2 0.58183 0.578656 0.191467 0.256564 0.853707
0 0.29045 0.791445 0.119409 0.37245 0.845821
0 0.427667 0.797228 0.12437 0.349138 0.84172
2 0.436583 0.554172 0.150987 0.207182 0.838737
0 0.121923 0.762052 0.0955327 0.379458 0.79481
0 0.78282 0.794287 0.184443 0.356859 0.773715
2 0.426081 0.401529 0.129408 0.188215 0.770671
2 0.223209 0.485687 0.172149 0.247221 0.732734
0 0.534929 0.796344 0.0821749 0.353328 0.713437
0 0.618471 0.781429 0.124075 0.37138 0.668851
2 0.820026 0.394781 0.135447 0.143158 0.61955
2 0.220271 0.16544 0.0675876 0.0697303 0.61643
2 0.0567752 0.848376 0.113479 0.29935 0.614764
2 0.331162 0.233405 0.0631108 0.0752768 0.571566
2 0.443517 0.232666 0.107912 0.12797 0.523109
2 0.58183 0.578656 0.191467 0.256564 0.853707
0 0.29045 0.791445 0.119409 0.37245 0.845821
0 0.427667 0.797228 0.12437 0.349138 0.84172
2 0.436583 0.554172 0.150987 0.207182 0.838737
2 0.58183 0.578656 0.191467 0.256564 0.853707
0 0.29045 0.791445 0.119409 0.37245 0.845821
0 0.427667 0.797228 0.12437 0.349138 0.84172
2 0.436583 0.554172 0.150987 0.207182 0.838737
0 0.121923 0.762052 0.0955327 0.379458 0.79481
0 0.78282 0.794287 0.184443 0.356859 0.773715
2 0.426081 0.401529 0.129408 0.188215 0.770671
2 0.223209 0.485687 0.172149 0.247221 0.732734
0 0.534929 0.796344 0.0821749 0.353328 0.713437
0 0.618471 0.781429 0.124075 0.37138 0.668851
2 0.820026 0.394781 0.135447 0.143158 0.61955
2 0.220271 0.16544 0.0675876 0.0697303 0.61643
2 0.0567752 0.848376 0.113479 0.29935 0.614764
2 0.331162 0.233405 0.0631108 0.0752768 0.571566
2 0.443517 0.232666 0.107912 0.12797 0.523109
2 0.371175 0.245164 0.0568523 0.0823038 0.471974
2 0.152079 0.402535 0.109416 0.157505 0.404754
2 0.499861 0.416913 0.16379 0.0916904 0.398741
2 0.262788 0.157994 0.0495309 0.0683853 0.347716
2 0.695038 0.341146 0.0918719 0.114696 0.296329
0 0.604683 0.780892 0.0971983 0.368219 0.295326
2 0.690527 0.349298 0.0822012 0.100306 0.28844
2 0.699823 0.337022 0.102555 0.129056 0.276962
2 0.6761 0.301831 0.109862 0.126406 0.256816
