1 0.8142 0.816164 0.234097 0.366859 0.917735
0 0.509318 0.647407 0.106206 0.401694 0.859556
2 0.931411 0.505815 0.136427 0.0745606 0.803256
0 0.68497 0.565102 0.042486 0.207675 0.764784
2 0.086874 0.478764 0.102309 0.0584192 0.731094
2 0.265797 0.4618 0.0424874 0.0347082 0.646368
2 0.210051 0.467317 0.0535912 0.0453861 0.629126
0 0.797606 0.659192 0.153126 0.418146 0.615137
2 0.605511 0.489988 0.131208 0.0920331 0.518719
2 0.67987 0.50105 0.156495 0.101876 0.435124
2 0.295582 0.459909 0.0252059 0.027611 0.387159
1 0.51697 0.784969 0.0935436 0.290365 0.34831
1 0.8142 0.816164 0.234097 0.366859 0.917735
0 0.509318 0.647407 0.106206 0.401694 0.859556
2 0.931411 0.505815 0.136427 0.0745606 0.803256
0 0.68497 0.565102 0.042486 0.207675 0.764784
2 0.086874 0.478764 0.102309 0.0584192 0.731094
2 0.265797 0.4618 0.0424874 0.0347082 0.646368
2 0.210051 0.467317 0.0535912 0.0453861 0.629126
0 0.797606 0.659192 0.153126 0.418146 0.615137
2 0.605511 0.489988 0.131208 0.0920331 0.518719
1 0.8142 0.816164 0.234097 0.366859 0.917735
1 0.8142 0.816164 0.234097 0.366859 0.917735
0 0.509318 0.647407 0.106206 0.401694 0.859556
2 0.931411 0.505815 0.136427 0.0745606 0.803256
0 0.68497 0.565102 0.042486 0.207675 0.764784
2 0.086874 0.478764 0.102309 0.0584192 0.731094
2 0.265797 0.4618 0.0424874 0.0347082 0.646368
2 0.210051 0.467317 0.0535912 0.0453861 0.629126
0 0.797606 0.659192 0.153126 0.418146 0.615137
2 0.605511 0.489988 0.131208 0.0920331 0.518719
2 0.67987 0.50105 0.156495 0.101876 0.435124
2 0.295582 0.459909 0.0252059 0.027611 0.387159
1 0.51697 0.784969 0.0935436 0.290365 0.34831
1 0.8142 0.816164 0.234097 0.366859 0.917735
0 0.509318 0.647407 0.106206 0.401694 0.859556
2 0.931411 0.505815 0.136427 0.0745606 0.803256
0 0.68497 0.565102 0.042486 0.207675 0.764784
2 0.086874 0.478764 0.102309 0.0584192 0.731094
2 0.265797 0.4618 0.0424874 0.0347082 0.646368
2 0.210051 0.467317 0.0535912 0.0453861 0.629126
0 0.797606 0.659192 0.153126 0.418146 0.615137
2 0.605511 0.489988 0.131208 0.0920331 0.518719
1 0.8142 0.816164 0.234097 0.366859 0.917735
0 0.509318 0.647407 0.106206 0.401694 0.859556
2 0.931411 0.505815 0.136427 0.0745606 0.803256
1 0.8142 0.816164 0.234097 0.366859 0.917735
0 0.509318 0.647407 0.106206 0.401694 0.859556
2 0.931411 0.505815 0.136427 0.0745606 0.803256
0 0.68497 0.565102 0.042486 0.207675 0.764784
2 0.086874 0.478764 0.102309 0.0584192 0.731094
2 0.265797 0.4618 0.0424874 0.0347082 0.646368
2 0.210051 0.467317 0.0535912 0.0453861 0.629126
0 0.797606 0.659192 0.153126 0.418146 0.615137
2 0.605511 0.489988 0.131208 0.0920331 0.518719
2 0.67987 0.50105 0.156495 0.101876 0.435124
2 0.295582 0.459909 0.0252059 0.027611 0.387159
1 0.51697 0.784969 0.0935436 0.290365 0.34831
1 0.524515 0.794977 0.0621555 0.274418 0.3418
2 0.276057 0.460723 0.0621872 0.0330221 0.27444
