0 0.104835 0.620439 0.0333322 0.0653827 0.571214
2 0.315044 0.590291 0.0468415 0.0267666 0.53759
2 0.450552 0.604102 0.0769011 0.0368578 0.530397
2 0.400475 0.600817 0.0647312 0.032885 0.486426
0 0.478572 0.626919 0.0329229 0.0638914 0.454312
2 0.960901 0.604241 0.0781977 0.0556297 0.444651
2 0.594765 0.619426 0.13014 0.0543874 0.407973
0 0.183277 0.601173 0.0252785 0.0329573 0.359525
2 0.567415 0.591519 0.101117 0.0316226 0.336672
2 0.226308 0.581969 0.0375325 0.0193258 0.266125
0 0.104835 0.620439 0.0333322 0.0653827 0.571214
2 0.315044 0.590291 0.0468415 0.0267666 0.53759
2 0.450552 0.604102 0.0769011 0.0368578 0.530397
0 0.104835 0.620439 0.0333322 0.0653827 0.571214
2 0.315044 0.590291 0.0468415 0.0267666 0.53759
2 0.450552 0.604102 0.0769011 0.0368578 0.530397
2 0.400475 0.600817 0.0647312 0.032885 0.486426
0 0.478572 0.626919 0.0329229 0.0638914 0.454312
2 0.960901 0.604241 0.0781977 0.0556297 0.444651
2 0.594765 0.619426 0.13014 0.0543874 0.407973
0 0.183277 0.601173 0.0252785 0.0329573 0.359525
2 0.567415 0.591519 0.101117 0.0316226 0.336672
2 0.226308 0.581969 0.0375325 0.0193258 0.266125
2 0.570198 0.618375 0.0714966 0.0416356 0.227383
0 0.104835 0.620439 0.0333322 0.0653827 0.571214
2 0.315044 0.590291 0.0468415 0.0267666 0.53759
2 0.450552 0.604102 0.0769011 0.0368578 0.530397
0 0.104835 0.620439 0.0333322 0.0653827 0.571214
2 0.315044 0.590291 0.0468415 0.0267666 0.53759
2 0.450552 0.604102 0.0769011 0.0368578 0.530397
2 0.400475 0.600817 0.0647312 0.032885 0.486426
0 0.478572 0.626919 0.0329229 0.0638914 0.454312
2 0.960901 0.604241 0.0781977 0.0556297 0.444651
2 0.594765 0.619426 0.13014 0.0543874 0.407973
2 0.952412 0.605057 0.0951765 0.0548048 0.376761
0 0.183277 0.601173 0.0252785 0.0329573 0.359525
2 0.567415 0.591519 0.101117 0.0316226 0.336672
2 0.577714 0.617831 0.0882583 0.0435322 0.269669
2 0.226308 0.581969 0.0375325 0.0193258 0.266125
2 0.589259 0.616914 0.115659 0.0451609 0.250139
