5 0.488381 0.592085 0.345412 0.188551 0.800032
0 0.181315 0.73189 0.115512 0.358704 0.787774
0 0.798127 0.694767 0.0628938 0.24256 0.761979
2 0.0476312 0.768892 0.0946511 0.151118 0.747487
0 0.353236 0.691342 0.0639685 0.211356 0.740311
0 0.845385 0.685825 0.0566639 0.2557 0.72575
1 0.465924 0.767525 0.11383 0.193535 0.723184
0 0.470998 0.68293 0.0890994 0.209997 0.676895
0 0.600592 0.654211 0.0443695 0.196719 0.546836
2 0.0748157 0.693748 0.149538 0.134268 0.532778
0 0.920658 0.615459 0.0303864 0.12265 0.482933
0 0.946358 0.596466 0.0309597 0.137322 0.474067
0 0.65646 0.622979 0.0199814 0.105133 0.328274
2 0.251446 0.672672 0.0858762 0.0794875 0.32581
0 0.308868 0.638515 0.0216501 0.0954031 0.323903
0 0.9709 0.60131 0.0268925 0.127254 0.276574
1 0.164742 0.910459 0.188504 0.160701 0.26319
5 0.488381 0.592085 0.345412 0.188551 0.800032
0 0.181315 0.73189 0.115512 0.358704 0.787774
0 0.798127 0.694767 0.0628938 0.24256 0.761979
2 0.0476312 0.768892 0.0946511 0.151118 0.747487
0 0.353236 0.691342 0.0639685 0.211356 0.740311
0 0.845385 0.685825 0.0566639 0.2557 0.72575
1 0.465924 0.767525 0.11383 0.193535 0.723184
0 0.470998 0.68293 0.0890994 0.209997 0.676895
0 0.600592 0.654211 0.0443695 0.196719 0.546836
2 0.0748157 0.693748 0.149538 0.134268 0.532778
5 0.488381 0.592085 0.345412 0.188551 0.800032
0 0.181315 0.73189 0.115512 0.358704 0.787774
0 0.798127 0.694767 0.0628938 0.24256 0.761979
2 0.0476312 0.768892 0.0946511 0.151118 0.747487
0 0.353236 0.691342 0.0639685 0.211356 0.740311
0 0.845385 0.685825 0.0566639 0.2557 0.72575
1 0.465924 0.767525 0.11383 0.193535 0.723184
0 0.470998 0.68293 0.0890994 0.209997 0.676895
0 0.600592 0.654211 0.0443695 0.196719 0.546836
2 0.0748157 0.693748 0.149538 0.134268 0.532778
0 0.920658 0.615459 0.0303864 0.12265 0.482933
0 0.946358 0.596466 0.0309597 0.137322 0.474067
0 0.65646 0.622979 0.0199814 0.105133 0.328274
2 0.251446 0.672672 0.0858762 0.0794875 0.32581
0 0.308868 0.638515 0.0216501 0.0954031 0.323903
0 0.9709 0.60131 0.0268925 0.127254 0.276574
1 0.164742 0.910459 0.188504 0.160701 0.26319
0 0.897659 0.612716 0.0241008 0.121247 0.205469
0 0.882171 0.613922 0.0202691 0.118119 0.202098
5 0.488381 0.592085 0.345412 0.188551 0.800032
0 0.181315 0.73189 0.115512 0.358704 0.787774
0 0.798127 0.694767 0.0628938 0.24256 0.761979
2 0.0476312 0.768892 0.0946511 0.151118 0.747487
0 0.353236 0.691342 0.0639685 0.211356 0.740311
0 0.845385 0.685825 0.0566639 0.2557 0.72575
1 0.465924 0.767525 0.11383 0.193535 0.723184
0 0.470998 0.68293 0.0890994 0.209997 0.676895
0 0.600592 0.654211 0.0443695 0.196719 0.546836
2 0.0748157 0.693748 0.149538 0.134268 0.532778
5 0.488381 0.592085 0.345412 0.188551 0.800032
5 0.488381 0.592085 0.345412 0.188551 0.800032
0 0.181315 0.73189 0.115512 0.358704 0.787774
0 0.798127 0.694767 0.0628938 0.24256 0.761979
2 0.0476312 0.768892 0.0946511 0.151118 0.747487
0 0.353236 0.691342 0.0639685 0.211356 0.740311
0 0.845385 0.685825 0.0566639 0.2557 0.72575
1 0.465924 0.767525 0.11383 0.193535 0.723184
0 0.470998 0.68293 0.0890994 0.209997 0.676895
0 0.600592 0.654211 0.0443695 0.196719 0.546836
2 0.0748157 0.693748 0.149538 0.134268 0.532778
0 0.920658 0.615459 0.0303864 0.12265 0.482933
0 0.946358 0.596466 0.0309597 0.137322 0.474067
0 0.65646 0.622979 0.0199814 0.105133 0.328274
2 0.251446 0.672672 0.0858762 0.0794875 0.32581
0 0.308868 0.638515 0.0216501 0.0954031 0.323903
0 0.9709 0.60131 0.0268925 0.127254 0.276574
1 0.164742 0.910459 0.188504 0.160701 0.26319
