2 0.0965169 0.902446 0.192661 0.194786 0.902316
5 0.203994 0.535725 0.23414 0.145188 0.887874
2 0.0793729 0.647862 0.157723 0.124482 0.878693
5 0.709494 0.533966 0.137121 0.145878 0.856819
2 0.237446 0.604978 0.137569 0.0912112 0.806056
0 0.516809 0.773894 0.0826422 0.222222 0.802036
0 0.87733 0.758989 0.073201 0.229235 0.787647
2 0.449894 0.600196 0.121715 0.0853472 0.77188
5 0.899567 0.578693 0.199524 0.176847 0.752565
0 0.754097 0.765566 0.0671403 0.238122 0.749849
2 0.332503 0.573618 0.103974 0.0689125 0.743352
0 0.59736 0.754925 0.0501337 0.223952 0.71468
0 0.708484 0.786915 0.0421045 0.174082 0.711443
1 0.213293 0.732743 0.0815133 0.105632 0.698137
0 0.672597 0.759473 0.0549166 0.201627 0.686005
0 0.217446 0.686988 0.0745962 0.128826 0.632038
0 0.931224 0.759585 0.0564993 0.263168 0.606699
1 0.388777 0.693789 0.0470571 0.100266 0.580352
0 0.984061 0.699995 0.0313423 0.170745 0.53243
0 0.805414 0.719783 0.0473513 0.181713 0.508196
2 0.577443 0.549347 0.0721542 0.061064 0.503149
0 0.552294 0.593729 0.0313372 0.102759 0.437471
7 0.401182 0.518748 0.122803 0.124303 0.410714
0 0.845402 0.710937 0.0473274 0.188905 0.407715
0 0.390357 0.655367 0.0662978 0.110559 0.40371
5 0.400925 0.519093 0.124002 0.125772 0.398153
0 0.71529 0.66407 0.0360315 0.0810291 0.346683
5 0.53669 0.491976 0.075786 0.0832445 0.343572
2 0.610648 0.534221 0.0424759 0.0424568 0.341358
2 0.522242 0.568763 0.0928541 0.0666608 0.308369
0 0.67519 0.660779 0.0553226 0.0895238 0.296228
2 0.0965169 0.902446 0.192661 0.194786 0.902316
5 0.203994 0.535725 0.23414 0.145188 0.887874
2 0.0793729 0.647862 0.157723 0.124482 0.878693
5 0.709494 0.533966 0.137121 0.145878 0.856819
2 0.237446 0.604978 0.137569 0.0912112 0.806056
0 0.516809 0.773894 0.0826422 0.222222 0.802036
0 0.87733 0.758989 0.073201 0.229235 0.787647
2 0.449894 0.600196 0.121715 0.0853472 0.77188
5 0.899567 0.578693 0.199524 0.176847 0.752565
0 0.754097 0.765566 0.0671403 0.238122 0.749849
2 0.332503 0.573618 0.103974 0.0689125 0.743352
0 0.59736 0.754925 0.0501337 0.223952 0.71468
0 0.708484 0.786915 0.0421045 0.174082 0.711443
1 0.213293 0.732743 0.0815133 0.105632 0.698137
0 0.672597 0.759473 0.0549166 0.201627 0.686005
0 0.217446 0.686988 0.0745962 0.128826 0.632038
0 0.931224 0.759585 0.0564993 0.263168 0.606699
1 0.388777 0.693789 0.0470571 0.100266 0.580352
0 0.984061 0.699995 0.0313423 0.170745 0.53243
0 0.805414 0.719783 0.0473513 0.181713 0.508196
2 0.577443 0.549347 0.0721542 0.061064 0.503149
2 0.0965169 0.902446 0.192661 0.194786 0.902316
2 0.0965169 0.902446 0.192661 0.194786 0.902316
5 0.203994 0.535725 0.23414 0.145188 0.887874
2 0.0793729 0.647862 0.157723 0.124482 0.878693
5 0.709494 0.533966 0.137121 0.145878 0.856819
2 0.237446 0.604978 0.137569 0.0912112 0.806056
0 0.516809 0.773894 0.0826422 0.222222 0.802036
0 0.87733 0.758989 0.073201 0.229235 0.787647
2 0.449894 0.600196 0.121715 0.0853472 0.77188
5 0.899567 0.578693 0.199524 0.176847 0.752565
0 0.754097 0.765566 0.0671403 0.238122 0.749849
2 0.332503 0.573618 0.103974 0.0689125 0.743352
0 0.59736 0.754925 0.0501337 0.223952 0.71468
0 0.708484 0.786915 0.0421045 0.174082 0.711443
1 0.213293 0.732743 0.0815133 0.105632 0.698137
0 0.672597 0.759473 0.0549166 0.201627 0.686005
0 0.217446 0.686988 0.0745962 0.128826 0.632038
0 0.931224 0.759585 0.0564993 0.263168 0.606699
1 0.388777 0.693789 0.0470571 0.100266 0.580352
0 0.984061 0.699995 0.0313423 0.170745 0.53243
0 0.805414 0.719783 0.0473513 0.181713 0.508196
2 0.577443 0.549347 0.0721542 0.061064 0.503149
0 0.552294 0.593729 0.0313372 0.102759 0.437471
7 0.401182 0.518748 0.122803 0.124303 0.410714
0 0.845402 0.710937 0.0473274 0.188905 0.407715
0 0.390357 0.655367 0.0662978 0.110559 0.40371
5 0.400925 0.519093 0.124002 0.125772 0.398153
0 0.71529 0.66407 0.0360315 0.0810291 0.346683
5 0.53669 0.491976 0.075786 0.0832445 0.343572
2 0.610648 0.534221 0.0424759 0.0424568 0.341358
2 0.522242 0.568763 0.0928541 0.0666608 0.308369
0 0.67519 0.660779 0.0553226 0.0895238 0.296228
2 0.0478988 0.576709 0.0952409 0.0377995 0.242298
1 0.552446 0.616836 0.0261464 0.0589427 0.221625
2 0.0965169 0.902446 0.192661 0.194786 0.902316
5 0.203994 0.535725 0.23414 0.145188 0.887874
2 0.0793729 0.647862 0.157723 0.124482 0.878693
5 0.709494 0.533966 0.137121 0.145878 0.856819
2 0.237446 0.604978 0.137569 0.0912112 0.806056
0 0.516809 0.773894 0.0826422 0.222222 0.802036
0 0.87733 0.758989 0.073201 0.229235 0.787647
2 0.449894 0.600196 0.121715 0.0853472 0.77188
5 0.899567 0.578693 0.199524 0.176847 0.752565
0 0.754097 0.765566 0.0671403 0.238122 0.749849
2 0.332503 0.573618 0.103974 0.0689125 0.743352
0 0.59736 0.754925 0.0501337 0.223952 0.71468
0 0.708484 0.786915 0.0421045 0.174082 0.711443
1 0.213293 0.732743 0.0815133 0.105632 0.698137
0 0.672597 0.759473 0.0549166 0.201627 0.686005
0 0.217446 0.686988 0.0745962 0.128826 0.632038
0 0.931224 0.759585 0.0564993 0.263168 0.606699
1 0.388777 0.693789 0.0470571 0.100266 0.580352
0 0.984061 0.699995 0.0313423 0.170745 0.53243
0 0.805414 0.719783 0.0473513 0.181713 0.508196
2 0.577443 0.549347 0.0721542 0.061064 0.503149
2 0.0965169 0.902446 0.192661 0.194786 0.902316
5 0.203994 0.535725 0.23414 0.145188 0.887874
2 0.0793729 0.647862 0.157723 0.124482 0.878693
5 0.709494 0.533966 0.137121 0.145878 0.856819
2 0.237446 0.604978 0.137569 0.0912112 0.806056
0 0.516809 0.773894 0.0826422 0.222222 0.802036
2 0.0965169 0.902446 0.192661 0.194786 0.902316
5 0.203994 0.535725 0.23414 0.145188 0.887874
2 0.0793729 0.647862 0.157723 0.124482 0.878693
5 0.709494 0.533966 0.137121 0.145878 0.856819
2 0.237446 0.604978 0.137569 0.0912112 0.806056
0 0.516809 0.773894 0.0826422 0.222222 0.802036
0 0.87733 0.758989 0.073201 0.229235 0.787647
2 0.449894 0.600196 0.121715 0.0853472 0.77188
5 0.899567 0.578693 0.199524 0.176847 0.752565
0 0.754097 0.765566 0.0671403 0.238122 0.749849
2 0.332503 0.573618 0.103974 0.0689125 0.743352
0 0.59736 0.754925 0.0501337 0.223952 0.71468
0 0.708484 0.786915 0.0421045 0.174082 0.711443
1 0.213293 0.732743 0.0815133 0.105632 0.698137
0 0.672597 0.759473 0.0549166 0.201627 0.686005
0 0.217446 0.686988 0.0745962 0.128826 0.632038
0 0.931224 0.759585 0.0564993 0.263168 0.606699
1 0.388777 0.693789 0.0470571 0.100266 0.580352
0 0.984061 0.699995 0.0313423 0.170745 0.53243
0 0.805414 0.719783 0.0473513 0.181713 0.508196
2 0.577443 0.549347 0.0721542 0.061064 0.503149
0 0.552294 0.593729 0.0313372 0.102759 0.437471
7 0.401182 0.518748 0.122803 0.124303 0.410714
0 0.845402 0.710937 0.0473274 0.188905 0.407715
0 0.390357 0.655367 0.0662978 0.110559 0.40371
5 0.400925 0.519093 0.124002 0.125772 0.398153
0 0.71529 0.66407 0.0360315 0.0810291 0.346683
5 0.53669 0.491976 0.075786 0.0832445 0.343572
2 0.610648 0.534221 0.0424759 0.0424568 0.341358
0 0.84172 0.718809 0.0399673 0.177536 0.323831
2 0.522242 0.568763 0.0928541 0.0666608 0.308369
0 0.67519 0.660779 0.0553226 0.0895238 0.296228
2 0.58488 0.548623 0.0870253 0.0633034 0.291767
