2 0.389631 0.752338 0.311882 0.230594 0.897604
0 0.685269 0.703905 0.0983495 0.353469 0.861768
2 0.85686 0.726408 0.0906103 0.108423 0.775895
2 0.0767913 0.743164 0.153572 0.162512 0.695122
2 0.52978 0.708378 0.0705252 0.0665726 0.6772
1 0.68696 0.837809 0.0672534 0.234309 0.644194
2 0.621663 0.706648 0.0386312 0.0453637 0.644187
2 0.590443 0.712682 0.0299042 0.0379165 0.474595
0 0.981069 0.701248 0.0186706 0.0840292 0.463908
0 0.901557 0.709904 0.0213177 0.0996355 0.362348
2 0.764743 0.696372 0.0155022 0.0235255 0.273157
2 0.389631 0.752338 0.311882 0.230594 0.897604
0 0.685269 0.703905 0.0983495 0.353469 0.861768
2 0.85686 0.726408 0.0906103 0.108423 0.775895
2 0.0767913 0.743164 0.153572 0.162512 0.695122
2 0.52978 0.708378 0.0705252 0.0665726 0.6772
1 0.68696 0.837809 0.0672534 0.234309 0.644194
2 0.621663 0.706648 0.0386312 0.0453637 0.644187
2 0.389631 0.752338 0.311882 0.230594 0.897604
0 0.685269 0.703905 0.0983495 0.353469 0.861768
2 0.85686 0.726408 0.0906103 0.108423 0.775895
2 0.0767913 0.743164 0.153572 0.162512 0.695122
2 0.52978 0.708378 0.0705252 0.0665726 0.6772
1 0.68696 0.837809 0.0672534 0.234309 0.644194
2 0.621663 0.706648 0.0386312 0.0453637 0.644187
2 0.590443 0.712682 0.0299042 0.0379165 0.474595
0 0.981069 0.701248 0.0186706 0.0840292 0.463908
0 0.901557 0.709904 0.0213177 0.0996355 0.362348
2 0.764743 0.696372 0.0155022 0.0235255 0.273157
2 0.389631 0.752338 0.311882 0.230594 0.897604
0 0.685269 0.703905 0.0983495 0.353469 0.861768
2 0.85686 0.726408 0.0906103 0.108423 0.775895
2 0.0767913 0.743164 0.153572 0.162512 0.695122
2 0.52978 0.708378 0.0705252 0.0665726 0.6772
1 0.68696 0.837809 0.0672534 0.234309 0.644194
2 0.621663 0.706648 0.0386312 0.0453637 0.644187
2 0.389631 0.752338 0.311882 0.230594 0.897604
0 0.685269 0.703905 0.0983495 0.353469 0.861768
2 0.389631 0.752338 0.311882 0.230594 0.897604
0 0.685269 0.703905 0.0983495 0.353469 0.861768
2 0.85686 0.726408 0.0906103 0.108423 0.775895
2 0.0767913 0.743164 0.153572 0.162512 0.695122
2 0.52978 0.708378 0.0705252 0.0665726 0.6772
1 0.68696 0.837809 0.0672534 0.234309 0.644194
2 0.621663 0.706648 0.0386312 0.0453637 0.644187
2 0.590443 0.712682 0.0299042 0.0379165 0.474595
0 0.981069 0.701248 0.0186706 0.0840292 0.463908
2 0.588387 0.710622 0.0332186 0.0430693 0.37501
0 0.901557 0.709904 0.0213177 0.0996355 0.362348
2 0.764743 0.696372 0.0155022 0.0235255 0.273157
