0 0.105652 0.68193 0.107865 0.399291 0.881519
0 0.368316 0.686891 0.0921655 0.440967 0.851502
2 0.97266 0.6497 0.0540806 0.235044 0.744521
0 0.793897 0.631198 0.0766555 0.300741 0.735858
0 0.710678 0.540194 0.0270157 0.107915 0.707492
2 0.256975 0.598963 0.133151 0.191173 0.706646
2 0.174979 0.651083 0.098663 0.239536 0.653235
0 0.680912 0.53142 0.0257328 0.104943 0.600159
2 0.933174 0.612022 0.126888 0.199588 0.565957
0 0.457336 0.565398 0.0368403 0.149728 0.562713
2 0.475575 0.49028 0.0520964 0.088226 0.486467
1 0.368004 0.821161 0.084426 0.272358 0.454431
1 0.784389 0.708208 0.0884739 0.217601 0.431722
2 0.597944 0.536829 0.130285 0.077555 0.430779
2 0.508952 0.477943 0.0456095 0.0818423 0.410587
2 0.0293145 0.72965 0.058492 0.332823 0.400291
2 0.430981 0.52025 0.0714965 0.0859311 0.372034
1 0.100741 0.832096 0.0576537 0.262975 0.365464
2 0.755066 0.493701 0.0645676 0.0831424 0.33702
0 0.75619 0.602748 0.0487823 0.223181 0.307539
1 0.670241 0.562391 0.0346914 0.0880509 0.287075
0 0.105652 0.68193 0.107865 0.399291 0.881519
0 0.368316 0.686891 0.0921655 0.440967 0.851502
2 0.97266 0.6497 0.0540806 0.235044 0.744521
0 0.793897 0.631198 0.0766555 0.300741 0.735858
0 0.710678 0.540194 0.0270157 0.107915 0.707492
2 0.256975 0.598963 0.133151 0.191173 0.706646
2 0.174979 0.651083 0.098663 0.239536 0.653235
0 0.680912 0.53142 0.0257328 0.104943 0.600159
2 0.933174 0.612022 0.126888 0.199588 0.565957
0 0.457336 0.565398 0.0368403 0.149728 0.562713
0 0.105652 0.68193 0.107865 0.399291 0.881519
0 0.368316 0.686891 0.0921655 0.440967 0.851502
2 0.97266 0.6497 0.0540806 0.235044 0.744521
0 0.793897 0.631198 0.0766555 0.300741 0.735858
0 0.710678 0.540194 0.0270157 0.107915 0.707492
2 0.256975 0.598963 0.133151 0.191173 0.706646
2 0.174979 0.651083 0.098663 0.239536 0.653235
0 0.680912 0.53142 0.0257328 0.104943 0.600159
2 0.933174 0.612022 0.126888 0.199588 0.565957
0 0.457336 0.565398 0.0368403 0.149728 0.562713
2 0.475575 0.49028 0.0520964 0.088226 0.486467
1 0.368004 0.821161 0.084426 0.272358 0.454431
1 0.784389 0.708208 0.0884739 0.217601 0.431722
2 0.597944 0.536829 0.130285 0.077555 0.430779
2 0.508952 0.477943 0.0456095 0.0818423 0.410587
2 0.0293145 0.72965 0.058492 0.332823 0.400291
2 0.430981 0.52025 0.0714965 0.0859311 0.372034
1 0.100741 0.832096 0.0576537 0.262975 0.365464
2 0.755066 0.493701 0.0645676 0.0831424 0.33702
0 0.75619 0.602748 0.0487823 0.223181 0.307539
1 0.670241 0.562391 0.0346914 0.0880509 0.287075
1 0.793466 0.738988 0.0427155 0.155647 0.20498
0 0.105652 0.68193 0.107865 0.399291 0.881519
0 0.368316 0.686891 0.0921655 0.440967 0.851502
2 0.97266 0.6497 0.0540806 0.235044 0.744521
0 0.793897 0.631198 0.0766555 0.300741 0.735858
0 0.710678 0.540194 0.0270157 0.107915 0.707492
2 0.256975 0.598963 0.133151 0.191173 0.706646
2 0.174979 0.651083 0.098663 0.239536 0.653235
0 0.680912 0.53142 0.0257328 0.104943 0.600159
2 0.933174 0.612022 0.126888 0.199588 0.565957
0 0.457336 0.565398 0.0368403 0.149728 0.562713
0 0.105652 0.68193 0.107865 0.399291 0.881519
0 0.368316 0.686891 0.0921655 0.440967 0.851502
0 0.105652 0.68193 0.107865 0.399291 0.881519
0 0.368316 0.686891 0.0921655 0.440967 0.851502
2 0.97266 0.6497 0.0540806 0.235044 0.744521
0 0.793897 0.631198 0.0766555 0.300741 0.735858
0 0.710678 0.540194 0.0270157 0.107915 0.707492
2 0.256975 0.598963 0.133151 0.191173 0.706646
2 0.174979 0.651083 0.098663 0.239536 0.653235
0 0.680912 0.53142 0.0257328 0.104943 0.600159
2 0.933174 0.612022 0.126888 0.199588 0.565957
0 0.457336 0.565398 0.0368403 0.149728 0.562713
2 0.475575 0.49028 0.0520964 0.088226 0.486467
1 0.368004 0.821161 0.084426 0.272358 0.454431
1 0.784389 0.708208 0.0884739 0.217601 0.431722
2 0.597944 0.536829 0.130285 0.077555 0.430779
2 0.508952 0.477943 0.0456095 0.0818423 0.410587
2 0.135438 0.651645 0.175017 0.240719 0.405399
0 0.679871 0.540093 0.0285313 0.124967 0.400955
2 0.0293145 0.72965 0.058492 0.332823 0.400291
2 0.430981 0.52025 0.0714965 0.0859311 0.372034
1 0.100741 0.832096 0.0576537 0.262975 0.365464
2 0.755066 0.493701 0.0645676 0.0831424 0.33702
0 0.75619 0.602748 0.0487823 0.223181 0.307539
1 0.797451 0.716247 0.0602768 0.199998 0.295719
1 0.670241 0.562391 0.0346914 0.0880509 0.287075
0 0.460641 0.565525 0.0315626 0.143319 0.286855
1 0.108062 0.834503 0.0436674 0.257213 0.284409
1 0.360735 0.823463 0.0615889 0.261219 0.279428
