2 0.126957 0.603678 0.253914 0.0877545 0.772294
0 0.951172 0.628537 0.0943344 0.131549 0.67397
0 0.785783 0.666164 0.0735508 0.160421 0.476598
2 0.46254 0.579463 0.152815 0.0577357 0.435636
2 0.686539 0.589194 0.0520561 0.0325479 0.416208
2 0.126957 0.603678 0.253914 0.0877545 0.772294
0 0.951172 0.628537 0.0943344 0.131549 0.67397
2 0.126957 0.603678 0.253914 0.0877545 0.772294
0 0.951172 0.628537 0.0943344 0.131549 0.67397
0 0.785783 0.666164 0.0735508 0.160421 0.476598
2 0.46254 0.579463 0.152815 0.0577357 0.435636
2 0.686539 0.589194 0.0520561 0.0325479 0.416208
2 0.126957 0.603678 0.253914 0.0877545 0.772294
0 0.951172 0.628537 0.0943344 0.131549 0.67397
2 0.126957 0.603678 0.253914 0.0877545 0.772294
0 0.951172 0.628537 0.0943344 0.131549 0.67397
0 0.785783 0.666164 0.0735508 0.160421 0.476598
0 0.774302 0.666635 0.0904002 0.159869 0.463911
2 0.46254 0.579463 0.152815 0.0577357 0.435636
2 0.686539 0.589194 0.0520561 0.0325479 0.416208
0 0.782353 0.662113 0.062298 0.145161 0.258066
