0 0.882404 0.54617 0.128538 0.498538 0.844566
2 0.0621391 0.538675 0.123452 0.255884 0.81828
0 0.524759 0.520826 0.0427037 0.225285 0.739377
2 0.176761 0.483807 0.131311 0.180573 0.615715
2 0.446775 0.492338 0.0678953 0.074177 0.471851
0 0.407163 0.475864 0.0223442 0.116391 0.411297
0 0.882404 0.54617 0.128538 0.498538 0.844566
2 0.0621391 0.538675 0.123452 0.255884 0.81828
0 0.524759 0.520826 0.0427037 0.225285 0.739377
2 0.176761 0.483807 0.131311 0.180573 0.615715
0 0.882404 0.54617 0.128538 0.498538 0.844566
2 0.0621391 0.538675 0.123452 0.255884 0.81828
0 0.524759 0.520826 0.0427037 0.225285 0.739377
2 0.176761 0.483807 0.131311 0.180573 0.615715
2 0.446775 0.492338 0.0678953 0.074177 0.471851
0 0.407163 0.475864 0.0223442 0.116391 0.411297
0 0.882404 0.54617 0.128538 0.498538 0.844566
2 0.0621391 0.538675 0.123452 0.255884 0.81828
0 0.524759 0.520826 0.0427037 0.225285 0.739377
2 0.176761 0.483807 0.131311 0.180573 0.615715
0 0.882404 0.54617 0.128538 0.498538 0.844566
2 0.0621391 0.538675 0.123452 0.255884 0.81828
0 0.882404 0.54617 0.128538 0.498538 0.844566
2 0.0621391 0.538675 0.123452 0.255884 0.81828
0 0.524759 0.520826 0.0427037 0.225285 0.739377
2 0.176761 0.483807 0.131311 0.180573 0.615715
2 0.446775 0.492338 0.0678953 0.074177 0.471851
0 0.407163 0.475864 0.0223442 0.116391 0.411297
