2 0.889996 0.804319 0.219246 0.257945 0.901099
2 0.317993 0.803656 0.466154 0.257041 0.877795
2 0.734296 0.7185 0.116542 0.123482 0.812537
2 0.584878 0.7444 0.160431 0.162576 0.806088
0 0.0468297 0.731227 0.0653172 0.23725 0.786995
5 0.826401 0.63008 0.160724 0.185732 0.732255
0 0.497989 0.667734 0.0318825 0.0725282 0.589974
0 0.0102394 0.732172 0.0200519 0.252963 0.566993
0 0.243333 0.682499 0.0619423 0.127092 0.347247
0 0.449521 0.653706 0.0262209 0.0549035 0.3117
2 0.889996 0.804319 0.219246 0.257945 0.901099
2 0.317993 0.803656 0.466154 0.257041 0.877795
2 0.734296 0.7185 0.116542 0.123482 0.812537
2 0.584878 0.7444 0.160431 0.162576 0.806088
0 0.0468297 0.731227 0.0653172 0.23725 0.786995
5 0.826401 0.63008 0.160724 0.185732 0.732255
0 0.497989 0.667734 0.0318825 0.0725282 0.589974
0 0.0102394 0.732172 0.0200519 0.252963 0.566993
2 0.889996 0.804319 0.219246 0.257945 0.901099
2 0.889996 0.804319 0.219246 0.257945 0.901099
2 0.317993 0.803656 0.466154 0.257041 0.877795
2 0.734296 0.7185 0.116542 0.123482 0.812537
2 0.584878 0.7444 0.160431 0.162576 0.806088
0 0.0468297 0.731227 0.0653172 0.23725 0.786995
5 0.826401 0.63008 0.160724 0.185732 0.732255
0 0.497989 0.667734 0.0318825 0.0725282 0.589974
0 0.0102394 0.732172 0.0200519 0.252963 0.566993
0 0.243333 0.682499 0.0619423 0.127092 0.347247
0 0.449521 0.653706 0.0262209 0.0549035 0.3117
0 0.430336 0.653202 0.0234062 0.0565462 0.222458
2 0.889996 0.804319 0.219246 0.257945 0.901099
2 0.317993 0.803656 0.466154 0.257041 0.877795
2 0.734296 0.7185 0.116542 0.123482 0.812537
2 0.584878 0.7444 0.160431 0.162576 0.806088
0 0.0468297 0.731227 0.0653172 0.23725 0.786995
5 0.826401 0.63008 0.160724 0.185732 0.732255
0 0.497989 0.667734 0.0318825 0.0725282 0.589974
0 0.0102394 0.732172 0.0200519 0.252963 0.566993
2 0.889996 0.804319 0.219246 0.257945 0.901099
2 0.317993 0.803656 0.466154 0.257041 0.877795
2 0.734296 0.7185 0.116542 0.123482 0.812537
2 0.584878 0.7444 0.160431 0.162576 0.806088
2 0.889996 0.804319 0.219246 0.257945 0.901099
2 0.317993 0.803656 0.466154 0.257041 0.877795
2 0.734296 0.7185 0.116542 0.123482 0.812537
2 0.584878 0.7444 0.160431 0.162576 0.806088
0 0.0468297 0.731227 0.0653172 0.23725 0.786995
5 0.826401 0.63008 0.160724 0.185732 0.732255
0 0.497989 0.667734 0.0318825 0.0725282 0.589974
0 0.0102394 0.732172 0.0200519 0.252963 0.566993
0 0.243333 0.682499 0.0619423 0.127092 0.347247
0 0.449521 0.653706 0.0262209 0.0549035 0.3117
5 0.802286 0.62934 0.113395 0.185025 0.273864
